{
 "cells": [
  {
   "cell_type": "markdown",
   "metadata": {},
   "source": [
    "# Задание 2\n",
    "## Задача 3\n",
    "\n",
    "Приведенная ниже программа ищет решение СЛАУ с использованием метода Зейделя. Пусть задана СЛАУ $$Ax = f$$, где $A$ - матрица размера $n \\times n$, $f$ - заданный столбец коэффициентов, $x$ - искомый вектор. Разложим матрицу A на три матрицы - с элементами ниже диагонали, диагональную и выше диагонали $$A = L + U + D$$\n",
    "Тогда можно записать $$Lx + Dx + Ux = f$$\n",
    "Тогда $$x = -(L+D)^{-1}Ux + (L + D)^{-1}f$$\n",
    "Итерационный метод Зейделя строится по формуле $$x^{(k+1)} = -(L+D)^{-1}Ux^{(k)} + (L + D)^{-1}f$$\n",
    "Покомпонентная форма записи:\n",
    "$$\n",
    "\\begin{cases}\n",
    "    x_{1}^{(k+1)} = -\\frac{a_{12}}{a_{11}}x_{2}^{(k)} -\\frac{a_{13}}{a_{11}}x_{3}^{(k)} -\\ldots + \\frac{f_1}{a_{11}}\\\\\n",
    "    x_{2}^{(k+1)} = -\\frac{a_{21}}{a_{22}}x_{1}^{(k+1)} -\\frac{a_{23}}{a_{22}}x_{3}^{(k)} -\\ldots + \\frac{f_2}{a_{22}}\\\\\n",
    "    \\ldots \\\\\n",
    "    x_{n}^{(k+1)} = -\\frac{a_{n1}}{a_{nn}}x_{1}^{(k+1)} -\\frac{a_{n2}}{a_{nn}}x_{2}^{(k)} -\\ldots + \\frac{f_n}{a_{nn}}\n",
    "\\end{cases}\n",
    "$$"
   ]
  },
  {
   "cell_type": "code",
   "execution_count": 1,
   "metadata": {},
   "outputs": [],
   "source": [
    "import numpy as np"
   ]
  },
  {
   "cell_type": "code",
   "execution_count": 2,
   "metadata": {
    "collapsed": true
   },
   "outputs": [],
   "source": [
    "def generate_positive_definite_matrix(n):\n",
    "    A = np.random.random((n, n))\n",
    "    A_transpose = np.transpose(A.copy())\n",
    "#     P = (A + A_transpose) / 2  # first variant\n",
    "    P = np.dot(A, A_transpose)  # second variant\n",
    "#     print(\"Random matrix A:\", A, sep=\"\\n\")\n",
    "#     print(\"A^T:\", A_transpose, sep=\"\\n\")\n",
    "#     print(\"Positive definite matrix P:\", P, sep=\"\\n\")\n",
    "    return P\n",
    "\n",
    "def generate_right_side(n):\n",
    "    f = np.random.random((n, 1))\n",
    "#     print(\"Right side (function f):\", f, sep=\"\\n\")\n",
    "    return f"
   ]
  },
  {
   "cell_type": "code",
   "execution_count": 3,
   "metadata": {
    "collapsed": true
   },
   "outputs": [],
   "source": [
    "def norma(x):\n",
    "    n = x.shape[0]\n",
    "    result = 0\n",
    "    for i in range(n):\n",
    "        result += np.abs(x[i][0])\n",
    "    return result"
   ]
  },
  {
   "cell_type": "code",
   "execution_count": 4,
   "metadata": {
    "collapsed": true
   },
   "outputs": [],
   "source": [
    "def seidel_method(A, f, x_start=None, accuracy=1e-9):\n",
    "    n = A.shape[0]\n",
    "    x = x_start\n",
    "    if x is None:\n",
    "        x = np.zeros_like(f)\n",
    "    iterations = 0\n",
    "    while norma(np.dot(A, x) - f) >= accuracy:\n",
    "        iterations += 1\n",
    "        for i in range(n):\n",
    "            x[i] = 0\n",
    "            for j in range(n):\n",
    "                if i == j:\n",
    "                    x[i] += f[i] / A[i][i]\n",
    "                else:\n",
    "                    x[i] -= A[i][j] / A[i][i] * x[j] \n",
    "    return (x, iterations)"
   ]
  },
  {
   "cell_type": "code",
   "execution_count": 5,
   "metadata": {},
   "outputs": [
    {
     "name": "stdout",
     "output_type": "stream",
     "text": [
      "A:\n",
      "[[ 4.70142394  3.67099303  3.78818281  3.88825096  3.47821873  3.99297958\n",
      "   4.01480395  3.58393604  3.55912722  3.10326761]\n",
      " [ 3.67099303  3.85088481  3.0068192   3.2264045   2.36308269  3.48792708\n",
      "   4.06536585  2.7995763   2.87408565  3.20019767]\n",
      " [ 3.78818281  3.0068192   3.80521503  3.28366669  2.97431539  3.89390441\n",
      "   3.5183133   3.40808532  2.6419299   2.6239775 ]\n",
      " [ 3.88825096  3.2264045   3.28366669  3.91275128  3.02643322  4.11072688\n",
      "   4.16640878  3.22562972  3.30703424  2.78546038]\n",
      " [ 3.47821873  2.36308269  2.97431539  3.02643322  3.48142491  3.26884775\n",
      "   3.225658    3.24239035  2.96175727  2.05095923]\n",
      " [ 3.99297958  3.48792708  3.89390441  4.11072688  3.26884775  5.17889307\n",
      "   4.57908439  3.62411077  3.32096989  3.13706945]\n",
      " [ 4.01480395  4.06536585  3.5183133   4.16640878  3.225658    4.57908439\n",
      "   5.80290803  3.40323213  3.7259585   3.15023269]\n",
      " [ 3.58393604  2.7995763   3.40808532  3.22562972  3.24239035  3.62411077\n",
      "   3.40323213  3.58410677  2.66787883  2.53953888]\n",
      " [ 3.55912722  2.87408565  2.6419299   3.30703424  2.96175727  3.32096989\n",
      "   3.7259585   2.66787883  3.39869445  2.32212735]\n",
      " [ 3.10326761  3.20019767  2.6239775   2.78546038  2.05095923  3.13706945\n",
      "   3.15023269  2.53953888  2.32212735  2.86836785]]\n",
      "f:\n",
      "[[ 0.90282475]\n",
      " [ 0.44362192]\n",
      " [ 0.99511151]\n",
      " [ 0.09409619]\n",
      " [ 0.00390272]\n",
      " [ 0.10896721]\n",
      " [ 0.75044855]\n",
      " [ 0.34001388]\n",
      " [ 0.76934194]\n",
      " [ 0.56556499]]\n"
     ]
    }
   ],
   "source": [
    "n = 10  # input parameter - demension\n",
    "epsilon = 1e-6  # input parameter - accuracy\n",
    "\n",
    "# Generating matrix and right side of equation\n",
    "A = generate_positive_definite_matrix(n)\n",
    "print(\"A:\", A, sep=\"\\n\")\n",
    "f = generate_right_side(n)\n",
    "print(\"f:\", f, sep=\"\\n\")"
   ]
  },
  {
   "cell_type": "code",
   "execution_count": 6,
   "metadata": {},
   "outputs": [
    {
     "name": "stdout",
     "output_type": "stream",
     "text": [
      "Precise solution (using linalg.solve):\n",
      "[[ 33.04527829]\n",
      " [-84.25229006]\n",
      " [ -0.29817166]\n",
      " [-44.458024  ]\n",
      " [-46.01865368]\n",
      " [ -4.88310114]\n",
      " [ 31.3828603 ]\n",
      " [ 26.11228155]\n",
      " [ 31.17122572]\n",
      " [ 57.31505207]]\n",
      "Eigenvalues of matrix A: [  3.41362227e+01   2.19435664e+00   1.50204641e+00   1.28504561e+00\n",
      "   6.87061596e-01   4.27889601e-01   8.00878597e-02   4.02030694e-03\n",
      "   2.09192869e-02   2.47020166e-01]\n",
      "Approximate solution\n",
      "[[ 33.04527133]\n",
      " [-84.25227409]\n",
      " [ -0.29817092]\n",
      " [-44.45801555]\n",
      " [-46.01864489]\n",
      " [ -4.88310046]\n",
      " [ 31.3828543 ]\n",
      " [ 26.11227638]\n",
      " [ 31.1712203 ]\n",
      " [ 57.3150414 ]]\n",
      "Iterations needed: 7136\n",
      "Norma of difference between precise and approximate solutions: 6.88621044806e-05\n"
     ]
    }
   ],
   "source": [
    "# Solve equation\n",
    "x_precise = np.linalg.solve(A, f)\n",
    "print(\"Precise solution (using linalg.solve):\", x_precise, sep=\"\\n\")\n",
    "eigenvalues = np.linalg.eigvals(A)\n",
    "print(\"Eigenvalues of matrix A:\", eigenvalues)\n",
    "\n",
    "x_approx, iterations = seidel_method(A, f, accuracy=epsilon)\n",
    "print(\"Approximate solution\", x_approx, sep=\"\\n\")\n",
    "print(\"Iterations needed:\", iterations)\n",
    "print(\"Norma of difference between precise and approximate solutions:\", norma(x_approx - x_precise))"
   ]
  },
  {
   "cell_type": "code",
   "execution_count": null,
   "metadata": {
    "collapsed": true
   },
   "outputs": [],
   "source": []
  }
 ],
 "metadata": {
  "kernelspec": {
   "display_name": "Python 3",
   "language": "python",
   "name": "python3"
  },
  "language_info": {
   "codemirror_mode": {
    "name": "ipython",
    "version": 3
   },
   "file_extension": ".py",
   "mimetype": "text/x-python",
   "name": "python",
   "nbconvert_exporter": "python",
   "pygments_lexer": "ipython3",
   "version": "3.6.3"
  }
 },
 "nbformat": 4,
 "nbformat_minor": 2
}
